0.772727272727 1.0
1.0 1.0
0.962025316456 0.95
0.962962962963 0.928571428571
0.923076923077 0.972972972973
0.787234042553 0.860465116279
0.9 0.9
0.984924623116 0.984924623116
0.97247706422 0.97247706422
0.857142857143 0.606382978723
0.447368421053 0.239436619718
0.991011235955 0.971365638767
0.931034482759 0.870967741935
1.0 1.0
1.0 1.0
0.929824561404 0.80303030303
0.832402234637 0.908536585366
0.985915492958 1.0
0.978571428571 0.985611510791
1.0 1.0
0.972835314092 0.896713615023
0.952380952381 1.0
0.965909090909 0.955056179775
0.934782608696 0.977272727273
0.725 0.90625
0.805970149254 0.981818181818
0.916666666667 1.0
0.992481203008 0.977777777778
1.0 0.953488372093
1.0 1.0
0.952380952381 0.952380952381
0.954545454545 0.954545454545
0.833333333333 1.0
0.985294117647 0.930555555556
0.695652173913 0.941176470588
0.909090909091 1.0
0.625 1.0
0.989130434783 0.978494623656
0.85 0.971428571429
0.992 0.988047808765
0.885714285714 0.978947368421
0.952380952381 0.987654320988
0.960396039604 0.950980392157
1.0 0.933333333333
0.8 1.0
0.882352941176 0.625
0.833333333333 1.0
0.692307692308 1.0
0.41935483871 0.8125
0.75 0.75
0.3 1.0
0.863636363636 0.863636363636
0.756097560976 0.885714285714
0.933333333333 0.933333333333
0.970149253731 0.984848484848
0.421052631579 0.888888888889
0.962025316456 0.979381443299
0.917808219178 0.893333333333
0.995614035088 0.986956521739
1.0 1.0
0.953488372093 1.0
0.807692307692 1.0
0.849557522124 0.969696969697
0.921052631579 1.0
0.6875 1.0
0.691729323308 0.245333333333
0.928571428571 0.951219512195
0.545454545455 0.9
0.989247311828 0.958333333333
0.986301369863 0.947368421053
0.88 0.88
0.965517241379 0.982456140351
0.949541284404 0.932432432432
0.972222222222 0.972222222222
1.0 1.0
0.970588235294 0.985074626866
0.952380952381 1.0
0.932432432432 0.932432432432
0.791666666667 1.0
1.0 1.0
0.819277108434 0.906666666667
0.854545454545 1.0
0.877551020408 0.914893617021
0.991978609626 0.984084880637
1.0 1.0
0.951219512195 0.951219512195
0.1875 0.6
0.571428571429 1.0
0.76 0.95
0.378378378378 1.0
0.969696969697 0.914285714286
0.928571428571 0.928571428571
0.9 0.883928571429
1.0 1.0
0.833333333333 1.0
0.9 0.857142857143
0.863636363636 0.863636363636
0.947368421053 0.97005988024
0.96 0.96
1.0 1.0
1.0 1.0
0.924731182796 0.914893617021
0.987096774194 0.96835443038
0.941176470588 1.0
1.0 0.909090909091
1.0 0.987654320988
0.897959183673 1.0
0.833333333333 1.0
0.949494949495 0.94
0.809523809524 1.0
0.888888888889 0.918032786885
1.0 1.0
0.917647058824 0.975
0.8 0.857142857143
0.64 0.842105263158
0.535714285714 0.428571428571
0.977272727273 0.988505747126
1.0 0.982456140351
0.732673267327 0.850574712644
0.681818181818 0.882352941176
0.995215311005 0.990476190476
0.8125 0.984848484848
0.955386289445 0.922268907563
1.0 0.971563981043
0.833333333333 0.793650793651
1.0 1.0
0.954802259887 0.960227272727
0.959183673469 0.903846153846
0.794117647059 0.964285714286
1.0 1.0
0.730769230769 0.98275862069
0.9 1.0
0.878787878788 0.966666666667
0.589743589744 0.92
0.960784313725 0.960784313725
0.979020979021 1.0
0.8 1.0
1.0 0.6
0.641025641026 0.833333333333
1.0 0.980392156863
0.910714285714 0.935779816514
0.888888888889 1.0
0.944444444444 0.927272727273
0.0 0.0
0.958333333333 1.0
0.888888888889 0.969696969697
0.810810810811 0.909090909091
0.6125 0.636363636364
0.75 0.923076923077
